/usr/lib/jvm/java-1.11.0-openjdk-amd64/bin/java -javaagent:/snap/intellij-idea-ultimate/245/lib/idea_rt.jar=36633:/snap/intellij-idea-ultimate/245/bin -Dfile.encoding=UTF-8 -classpath /home/jakob/Desktop/Diploma/out/production/Diploma:/home/jakob/.m2/repository/com/googlecode/json-simple/json-simple/1.1.1/json-simple-1.1.1.jar:/home/jakob/.m2/repository/junit/junit/4.10/junit-4.10.jar:/home/jakob/.m2/repository/org/hamcrest/hamcrest-core/1.1/hamcrest-core-1.1.jar Core
_____________________
NODE 0
DEMAND 0.00
12 26 32 44 
_____________________
NODE 1
DEMAND 42.86
4 5 13 19 22 29 35 40 
_____________________
NODE 2
DEMAND 8.19
22 41 43 
_____________________
NODE 3
DEMAND 37.00
16 21 30 35 39 
_____________________
NODE 4
DEMAND 30.56
1 20 24 27 33 
_____________________
NODE 5
DEMAND 33.36
1 10 24 33 48 
_____________________
NODE 6
DEMAND 34.29
11 17 18 
_____________________
NODE 7
DEMAND 32.05
30 32 35 
_____________________
NODE 8
DEMAND 19.94
10 15 23 
_____________________
NODE 9
DEMAND 30.15
20 24 29 39 41 
_____________________
NODE 10
DEMAND 35.07
5 8 27 29 31 46 
_____________________
NODE 11
DEMAND 23.02
6 14 18 23 38 39 45 49 
_____________________
NODE 12
DEMAND 10.80
0 17 31 37 40 41 
_____________________
NODE 13
DEMAND 31.81
1 22 25 26 29 31 36 39 
_____________________
NODE 14
DEMAND 27.25
11 20 28 45 
_____________________
NODE 15
DEMAND 22.07
8 17 27 41 
_____________________
NODE 16
DEMAND 35.84
3 32 33 42 43 48 
_____________________
NODE 17
DEMAND 25.40
6 12 15 20 32 40 
_____________________
NODE 18
DEMAND 27.00
6 11 26 27 35 36 
_____________________
NODE 19
DEMAND 41.84
1 20 30 46 48 49 
_____________________
NODE 20
DEMAND 32.81
4 9 14 17 19 23 30 33 35 45 
_____________________
NODE 21
DEMAND 22.25
3 35 43 48 
_____________________
NODE 22
DEMAND 37.88
1 2 13 23 25 26 27 29 34 36 40 45 49 
_____________________
NODE 23
DEMAND 17.99
8 11 20 22 31 36 49 
_____________________
NODE 24
DEMAND 26.56
4 5 9 49 
_____________________
NODE 25
DEMAND 33.25
13 22 31 34 42 
_____________________
NODE 26
DEMAND 11.56
0 13 18 22 28 42 
_____________________
NODE 27
DEMAND 20.68
4 10 15 18 22 28 49 
_____________________
NODE 28
DEMAND 35.49
14 26 27 35 
_____________________
NODE 29
DEMAND 35.45
1 9 10 13 22 31 
_____________________
NODE 30
DEMAND 25.02
3 7 19 20 31 47 
_____________________
NODE 31
DEMAND 30.20
10 12 13 23 25 29 30 
_____________________
NODE 32
DEMAND 39.29
0 7 16 17 35 43 
_____________________
NODE 33
DEMAND 30.85
4 5 16 20 
_____________________
NODE 34
DEMAND 29.48
22 25 44 
_____________________
NODE 35
DEMAND 35.83
1 3 7 18 20 21 28 32 49 
_____________________
NODE 36
DEMAND 31.81
13 18 22 23 45 
_____________________
NODE 37
DEMAND 34.37
12 45 47 48 
_____________________
NODE 38
DEMAND 25.05
11 45 48 
_____________________
NODE 39
DEMAND 33.35
3 9 11 13 41 46 
_____________________
NODE 40
DEMAND 36.66
1 12 17 22 43 
_____________________
NODE 41
DEMAND 34.95
2 9 12 15 39 47 48 
_____________________
NODE 42
DEMAND 20.03
16 25 26 43 44 46 
_____________________
NODE 43
DEMAND 34.36
2 16 21 32 40 42 47 
_____________________
NODE 44
DEMAND 12.07
0 34 42 
_____________________
NODE 45
DEMAND 26.26
11 14 20 22 36 37 38 
_____________________
NODE 46
DEMAND 34.27
10 19 39 42 
_____________________
NODE 47
DEMAND 33.12
30 37 41 43 49 
_____________________
NODE 48
DEMAND 22.27
5 16 19 21 37 38 41 
_____________________
NODE 49
DEMAND 29.97
11 19 22 23 24 27 35 47 
_____________________
Number of walks: 2000
___________________
Iter:    5 | 7481.24ms
Loss: 208761.77
___________________
Iter:   10 | 7301.98ms
Loss: 208223.83
___________________
Iter:   15 | 7301.66ms
Loss: 207880.08
___________________
Iter:   20 | 7330.15ms
Loss: 207678.41
___________________
Iter:   25 | 7296.48ms
Loss: 207579.66
___________________
Iter:   30 | 7307.18ms
Loss: 207538.66
___________________
Iter:   35 | 7299.56ms
Loss: 207525.98
___________________
Iter:   40 | 7508.91ms
Loss: 207526.33
___________________
Iter:   45 | 7343.01ms
Loss: 207532.49
Precomputing contexts...
Computing contexts took 159.8 ms.
Size of corpus: 2000
___________________
Iter.: 5 | 7873.48ms
Loss: 210746.21
___________________
Iter.: 10 | 7500.31ms
Loss: 209375.52
___________________
Iter.: 15 | 7491.92ms
Loss: 209129.47
___________________
Iter.: 20 | 7494.13ms
Loss: 208709.56
___________________
Iter.: 25 | 7482.78ms
Loss: 208878.42
___________________
Iter.: 30 | 7485.83ms
Loss: 208986.80
___________________
Iter.: 35 | 7482.30ms
Loss: 209545.14
___________________
Iter.: 40 | 7492.49ms
Loss: 209437.95
___________________
Iter.: 45 | 7526.04ms
Loss: 209016.80
_______________________
GREEDY DECODER
SOLUTION DISTANCE: 18476.7190
_______________________
0 32 7 30 7 32 0
0 44 34 25 42 26 0
0 26 13 29 10 8 15 17 32 0
0 12 31 10 27 22 26 0
0 32 16 48 37 12 0
0 26 22 2 43 2 22 23 22 26 0
0 32 17 15 41 12 0
0 26 18 6 11 14 28 26 0
0 32 35 28 35 18 26 0
0 32 35 49 19 49 24 49 35 32 0
0 12 40 1 35 32 0
0 32 43 21 3 39 13 26 0
0 26 18 36 45 38 11 18 26 0
0 26 42 46 10 5 33 16 32 0
0 32 43 47 30 20 9 39 13 26 0
0 26 22 27 4 27 22 26 0 
_______________________
GREEDY
SOLUTION DISTANCE: 21762.7632
_______________________
0 26 18 11 38 48 41 2 43 32 0
0 44 42 16 48 16 32 0
0 32 43 21 43 32 0
0 12 17 15 41 12 0
0 26 13 29 31 12 0
0 32 35 28 27 22 26 0
0 32 7 30 19 49 35 32 0
0 26 22 36 23 22 26 0
0 44 34 25 13 39 13 26 0
0 12 40 1 5 10 8 15 17 32 0
0 12 37 45 20 35 32 0
0 26 18 6 11 49 47 43 32 0
0 26 42 46 10 27 4 27 22 26 0
0 32 16 33 5 24 49 35 32 0
0 26 28 14 20 9 39 3 16 32 0 
_______________________
GREEDY 01 DECODER
SOLUTION DISTANCE: 18510.8569
_______________________
0 44 34 25 42 26 0
0 32 7 30 7 32 0
0 26 28 14 11 18 26 0
0 12 31 29 10 8 15 17 32 0
0 26 18 6 17 15 41 2 43 32 0
0 32 16 33 4 27 22 26 0
0 32 43 21 48 19 49 23 22 26 0
0 26 18 36 18 35 32 0
0 26 42 46 19 49 27 22 26 0
0 26 13 39 9 39 13 26 0
0 32 35 20 45 37 12 0
0 32 35 1 40 12 0
0 12 31 10 5 24 49 35 32 0
0 32 16 3 21 48 38 48 37 47 43 32 0
0 26 22 49 35 32 0
0 12 41 12 0 
_______________________
SIMULATED ANNEALING
SOLUTION DISTANCE: 19153.6210
_______________________
0 26 42 25 42 43 32 0
0 32 16 48 21 43 32 0
0 32 43 21 3 39 13 26 0
0 26 22 45 36 18 26 0
0 26 18 36 23 8 10 27 22 26 0
0 26 22 27 28 35 7 32 0
0 32 7 30 19 46 42 26 0
0 26 42 46 10 5 24 49 35 32 0
0 32 35 49 47 41 12 0
0 12 31 23 11 14 20 35 32 0
0 32 35 20 33 4 27 22 2 43 32 0
0 32 43 2 41 9 41 15 17 6 18 26 0
0 26 18 6 11 38 48 37 12 40 12 0
0 12 40 1 13 26 0
0 26 13 29 22 34 44 0
0 44 0 

Process finished with exit code 0
