/usr/lib/jvm/java-1.11.0-openjdk-amd64/bin/java -javaagent:/snap/intellij-idea-ultimate/245/lib/idea_rt.jar=33391:/snap/intellij-idea-ultimate/245/bin -Dfile.encoding=UTF-8 -classpath /home/jakob/Desktop/Diploma/out/production/Diploma:/home/jakob/.m2/repository/com/googlecode/json-simple/json-simple/1.1.1/json-simple-1.1.1.jar:/home/jakob/.m2/repository/junit/junit/4.10/junit-4.10.jar:/home/jakob/.m2/repository/org/hamcrest/hamcrest-core/1.1/hamcrest-core-1.1.jar Core
_____________________
NODE 0
DEMAND 0.00
11 14 37 
_____________________
NODE 1
DEMAND 18.98
11 15 36 46 
_____________________
NODE 2
DEMAND 43.87
5 27 31 36 42 
_____________________
NODE 3
DEMAND 19.50
4 10 14 24 40 
_____________________
NODE 4
DEMAND 30.56
3 27 
_____________________
NODE 5
DEMAND 8.47
2 11 21 35 36 
_____________________
NODE 6
DEMAND 33.22
14 33 
_____________________
NODE 7
DEMAND 27.94
11 18 26 29 44 
_____________________
NODE 8
DEMAND 48.68
10 36 42 47 
_____________________
NODE 9
DEMAND 34.88
15 17 22 38 43 
_____________________
NODE 10
DEMAND 17.50
3 8 16 20 24 34 45 
_____________________
NODE 11
DEMAND 8.19
0 1 5 7 26 28 29 36 39 
_____________________
NODE 12
DEMAND 46.45
15 22 35 40 46 
_____________________
NODE 13
DEMAND 24.87
27 32 45 
_____________________
NODE 14
DEMAND 39.13
0 3 6 36 44 
_____________________
NODE 15
DEMAND 36.86
1 9 12 16 
_____________________
NODE 16
DEMAND 40.45
10 15 20 35 39 42 45 47 
_____________________
NODE 17
DEMAND 31.01
9 34 44 47 
_____________________
NODE 18
DEMAND 37.13
7 34 45 49 
_____________________
NODE 19
DEMAND 37.62
23 28 38 
_____________________
NODE 20
DEMAND 17.77
10 16 28 45 
_____________________
NODE 21
DEMAND 44.44
5 25 
_____________________
NODE 22
DEMAND 32.68
9 12 31 39 48 
_____________________
NODE 23
DEMAND 46.21
19 48 
_____________________
NODE 24
DEMAND 19.60
3 10 
_____________________
NODE 25
DEMAND 10.28
21 47 
_____________________
NODE 26
DEMAND 33.44
7 11 45 49 
_____________________
NODE 27
DEMAND 35.23
2 4 13 46 
_____________________
NODE 28
DEMAND 34.92
11 19 20 30 
_____________________
NODE 29
DEMAND 37.17
7 11 38 41 45 
_____________________
NODE 30
DEMAND 25.16
28 
_____________________
NODE 31
DEMAND 31.36
2 22 46 
_____________________
NODE 32
DEMAND 17.08
13 44 47 
_____________________
NODE 33
DEMAND 35.47
6 46 47 49 
_____________________
NODE 34
DEMAND 53.78
10 17 18 
_____________________
NODE 35
DEMAND 24.34
5 12 16 
_____________________
NODE 36
DEMAND 26.15
1 2 5 8 11 14 
_____________________
NODE 37
DEMAND 28.11
0 49 
_____________________
NODE 38
DEMAND 33.75
9 19 29 47 
_____________________
NODE 39
DEMAND 35.31
11 16 22 44 45 
_____________________
NODE 40
DEMAND 44.62
3 12 43 44 48 
_____________________
NODE 41
DEMAND 32.96
29 42 
_____________________
NODE 42
DEMAND 26.34
2 8 16 41 46 
_____________________
NODE 43
DEMAND 34.56
9 40 
_____________________
NODE 44
DEMAND 22.82
7 14 17 32 39 40 
_____________________
NODE 45
DEMAND 39.40
10 13 16 18 20 26 29 39 
_____________________
NODE 46
DEMAND 40.24
1 12 27 31 33 42 
_____________________
NODE 47
DEMAND 20.44
8 16 17 25 32 33 38 
_____________________
NODE 48
DEMAND 39.66
22 23 40 
_____________________
NODE 49
DEMAND 34.41
18 26 33 37 
_____________________
Number of walks: 2000
___________________
Iter:    5 | 7372.63ms
Loss: 210396.20
___________________
Iter:   10 | 7416.60ms
Loss: 209848.14
___________________
Iter:   15 | 7418.29ms
Loss: 209533.61
___________________
Iter:   20 | 7421.28ms
Loss: 209379.36
___________________
Iter:   25 | 7421.58ms
Loss: 209319.86
___________________
Iter:   30 | 7413.83ms
Loss: 209306.43
___________________
Iter:   35 | 7411.72ms
Loss: 209312.56
___________________
Iter:   40 | 7415.27ms
Loss: 209326.10
___________________
Iter:   45 | 7432.09ms
Loss: 209341.94
Precomputing contexts...
Computing contexts took 164.8 ms.
Size of corpus: 2000
___________________
Iter.: 5 | 8070.95ms
Loss: 192640.60
___________________
Iter.: 10 | 7580.36ms
Loss: 191466.59
___________________
Iter.: 15 | 7602.54ms
Loss: 191430.84
___________________
Iter.: 20 | 7578.48ms
Loss: 191450.02
___________________
Iter.: 25 | 7583.46ms
Loss: 191821.68
___________________
Iter.: 30 | 7597.30ms
Loss: 191555.49
___________________
Iter.: 35 | 7598.27ms
Loss: 191461.09
___________________
Iter.: 40 | 7575.93ms
Loss: 191774.60
___________________
Iter.: 45 | 7572.47ms
Loss: 191581.56
_______________________
GREEDY DECODER
SOLUTION DISTANCE: 20646.5044
_______________________
0 14 3 24 10 3 14 0
0 37 49 33 6 14 0
0 11 28 30 28 20 16 35 5 11 0
0 14 6 14 44 32 13 32 44 14 0
0 14 36 2 42 2 36 14 0
0 11 26 7 18 7 11 0
0 11 1 46 31 2 36 14 0
0 14 3 40 43 9 38 47 32 44 14 0
0 14 44 17 34 17 47 25 21 5 11 0
0 11 5 35 12 40 3 14 0
0 14 3 4 27 2 42 41 29 11 0
0 11 5 21 5 36 8 36 14 0
0 11 39 22 39 11 0
0 11 28 19 38 29 11 0
0 11 29 45 29 11 0
0 14 3 40 48 23 48 40 3 14 0
0 11 1 15 9 17 44 14 0
0 11 39 16 39 11 0 
_______________________
GREEDY
SOLUTION DISTANCE: 20379.1197
_______________________
0 14 3 4 27 2 5 11 0
0 11 26 49 33 47 32 44 14 0
0 37 49 18 7 11 0
0 14 6 33 46 1 36 8 47 25 21 5 11 0
0 14 44 32 13 27 4 3 14 0
0 14 36 2 42 2 36 14 0
0 11 28 20 16 39 11 0
0 11 29 45 10 3 14 0
0 14 3 24 3 40 43 40 3 14 0
0 11 39 22 31 2 36 14 0
0 14 44 17 9 38 29 11 0
0 14 36 8 42 46 1 11 0
0 11 5 21 5 35 16 20 28 30 28 11 0
0 11 1 15 12 40 3 14 0
0 11 28 19 23 48 40 3 14 0
0 11 29 41 29 45 10 34 17 44 14 0
0 14 3 40 48 40 3 14 0 
_______________________
GREEDY 01 DECODER
SOLUTION DISTANCE: 21234.3610
_______________________
0 37 49 18 7 11 0
0 14 6 14 36 1 11 0
0 11 26 7 44 32 47 25 21 5 11 0
0 14 6 33 46 1 36 5 11 0
0 14 36 2 27 4 3 24 3 14 0
0 11 28 19 38 47 32 44 14 0
0 11 28 30 28 20 10 3 14 0
0 14 3 4 3 40 3 14 0
0 14 3 40 48 23 48 40 3 14 0
0 11 29 41 29 45 13 32 44 14 0
0 14 36 8 47 32 13 32 44 14 0
0 14 44 17 34 17 44 14 0
0 11 39 22 39 16 35 5 11 0
0 11 5 21 5 35 12 40 3 14 0
0 14 3 40 43 9 15 16 42 2 36 14 0
0 14 36 2 31 22 9 15 1 11 0
0 11 39 16 45 29 11 0 
_______________________
SIMULATED ANNEALING
SOLUTION DISTANCE: 20909.9165
_______________________
0 14 3 10 24 3 40 3 14 0
0 14 3 40 48 23 48 40 3 14 0
0 14 3 40 48 23 19 28 11 0
0 11 5 35 16 47 38 29 11 0
0 11 29 45 20 28 11 0
0 11 28 30 28 11 39 44 14 0
0 14 44 32 13 27 4 3 14 0
0 14 3 4 27 2 36 14 0
0 14 36 2 31 22 12 40 3 14 0
0 14 3 40 12 15 1 11 0
0 11 26 49 37 0
0 11 1 46 42 2 5 21 5 11 0
0 11 5 21 25 47 33 6 14 0
0 14 6 14 44 17 9 43 40 3 14 0
0 14 3 40 43 9 17 34 18 7 11 0
0 11 7 18 45 29 38 47 8 36 14 0
0 14 36 8 42 41 29 11 0 

Process finished with exit code 0
